759169869656096809;
621167923473547276;
768293062489145345;
700966445181435935;
501938701782351883;
738484352568262747;
750903882514694195;
692755531927912495;
778253009548345344;
779152702524882964;
768889338360234035;
779910523780333601;
779152702524882964;
690036880812671048;
753681311520129175;
790000843117822002;
791113139734708267;
791149070458552322;
791163051918884865;
762330739169034241;
756806532858904667;
791504587449827349;
791504927892701206;
788990726314000414;
792153194137911316;
792866531134406706;
792967032861229076;
792981077651881994;
793140233302179840;
793139859182452788;
333949691962195969;
793870827254579210;
783735713534967848;
792140190558060544;
790628789566701569;
790185205520138261;
786333434167296030;
793949220041654273;
780473009332682762;
794016936715092008;
765644291053060126;
468776949289058314;
683596038132596781;
784804158217256981;
794105981021454386;
794116309780398140;
794150807418568734;
794143152910893107;
793950345277341738;
794033544200585254;
325699194222542849;
760551927015931944;
794760647618330634;
794761365095972894;
794761775534571520;
792093737559916546;
710575859148390460;
768122586646183958;
741872819918602301;
796631513202425887;
797156709067390996;
788504377236389898;
787427364396204032;
798521236232601620;
783419129221611520;
798949511354646538;
702569588537294860;
799368819877216337;
729361903834365952;
801557078103294003;
776900723006373889;
801188414505877575;
110373943822540800;
802693460858896434;
802962343608188968;
803700317140549692;
783260040516993065;
805241214525898813;
658529169189240843;
734573009452400651;
797327611042332673;
807720589850050560;
